1234567890
207605391
728126534
308799325
1005918325
1604526079
217049789
454515590
1316124607
1032819592
383914039
2426729653
185479579
560416161
1263521165
66023978
137025029
2507427207
320235830
144309781
444012156
841912251
243203220
1991613444
2987824573
2357224259
237923605
1787228777
139462580
1319822674
63327552
22466197
226493967
237906753
3020919007
3264024647
279093987
273620653
1839424613
1591817332
548115618
2424718209
149818746
1096019849
27188311
1790213511
49838442
1467815761
1339031817
88777401
133744966
51374115
324115685
61367797
1753219947
1192410709
2900910777
301083678
175658333
1838018060
1925419330
52310833
127808174
20453416
1487128968
3230320866
1585422484
1878021523
131548804
76210533
2575916599
849230161
582527158
2780715150
2570324765
1769018525
251497472
177588325
848512646
1561420316
2136323622
306619901
2270924917
185435580
91165811
296916642
283214870
66222772
9127656
1510529357
2056026794
93218824
3231326907
889925759
1402815116
725824626
997718474
2598615950
426010121
187933242
3176730210
811715886
144909649
1621016112
21316723
172854480
298818939
42692841
1205225205
106842187
260474620
241814143
31922592
2474224312
1917710
2870827542
2280417135
53811614
888624928
2866818540
2088318908
1625523882
1591222006
1240324625
2850929529
463926802
723128982
415710436
74053909
155322348
182146443
2750327327
165216030
408723728
1457327024
120718248
2109331220
11631824
219741674
2715316818
799730615
2784215075
782929138
1280729193
185925129
450818744
1556831699
2725315502
1661512449
1215527477
2053819427
1898930698
950623
3276329233
3039226823
2490226212
2366915516
119863244
531912631
192843385
227235827
2775211022
2121721718
1245716465
1656030172
1765728553
89233144
19229269
110499526
661817537
125342163
2214714893
3158229522
11003555
2396628647
2205116458
1674926914
27166807
1035831505
165066939
111645345
201758953
761332177
687025645
278122799
2811322281
85019826
2979921448
529418289
3261318308
179684405
2640928476
2885711919
2652331671
1125211534
109350
233521350
25770309
2771120427
111812072
3256412413
